silkscreen
line,4.9438,1.0231,4.4538,1.0231
silkscreen
line,3.8138,1.0231,3.3138,1.0231
silkscreen
line,2.6738,1.0231,2.1838,1.0231
silkscreen
line,1.5438,1.0231,1.2223,1.0231
line,1.2223,1.0231,0.9637,1.2817
line,0.9637,1.2817,0.9637,1.8942
arc,0.9637,1.8942,1.0638,1.8733,1.0637,2.1232,CCW
arc,1.0638,1.8733,1.0638,2.3731,1.0638,2.1232,CCW
arc,1.0638,2.3731,0.9637,2.3522,1.0637,2.1232,CCW
line,0.9637,2.3522,0.9637,2.9647
line,0.9637,2.9647,1.2223,3.2233
line,1.2223,3.2233,1.5438,3.2233
silkscreen
line,2.1838,3.2233,2.6738,3.2233
silkscreen
line,3.3138,3.2233,3.8138,3.2233
silkscreen
line,4.4538,3.2233,4.9438,3.2233
silkscreen
line,5.5838,1.0231,5.9053,1.0231
line,5.9053,1.0231,6.1639,1.2817
line,6.1639,1.2817,6.1639,2.9647
line,6.1639,2.9647,5.9053,3.2233
line,5.9053,3.2233,5.5838,3.2233
