silkscreen
line,2.1838,3.2233,2.6738,3.2233
silkscreen
line,3.3138,3.2233,3.8138,3.2233
silkscreen
line,4.4538,3.2233,4.9438,3.2233
silkscreen
line,5.5838,3.2233,5.9052,3.2233
line,5.9052,3.2233,6.1639,2.9646
line,6.1639,2.9646,6.1639,1.2818
line,6.1639,1.2818,5.9052,1.0231
line,5.9052,1.0231,5.5838,1.0231
silkscreen
line,4.9438,1.0231,4.4538,1.0231
silkscreen
line,3.8138,1.0231,3.3138,1.0231
silkscreen
line,2.6738,1.0231,2.1838,1.0231
silkscreen
line,1.5438,1.0231,1.2224,1.0231
line,1.2224,1.0231,0.9637,1.2818
line,0.9637,1.2818,0.9637,1.8942
arc,0.9637,1.8942,0.9637,2.3522,1.0638,2.1232,CCW
line,0.9637,2.3522,0.9637,2.9646
line,0.9637,2.9646,1.2224,3.2233
line,1.2224,3.2233,1.5438,3.2233
