silkscreen
line,3.8644,11.4125,3.8644,9.9118
line,3.8644,9.9118,4.2447,9.9118
silkscreen
line,4.8675,9.9118,4.9769,9.9118
silkscreen
line,5.6353,9.9118,5.7444,9.9118
silkscreen
line,6.3672,9.9118,6.4766,9.9118
silkscreen
line,7.1350,9.9118,7.2441,9.9118
silkscreen
line,7.9383,9.9118,7.9763,9.9118
silkscreen
line,8.7061,9.9118,8.7439,9.9118
silkscreen
line,9.4381,9.9118,9.4761,9.9118
silkscreen
line,10.2059,9.9118,10.2436,9.9118
silkscreen
line,10.9378,9.9118,10.9758,9.9118
silkscreen
line,11.7056,9.9118,11.7790,9.9118
silkscreen
line,12.4018,9.9118,12.5112,9.9118
silkscreen
line,13.1335,11.5514,13.1335,12.1970
line,13.1335,12.1970,13.3728,12.1970
silkscreen
line,15.9330,11.3874,15.9330,11.0542
arc,15.9330,11.0542,15.5917,11.1223,15.6400,10.4758,CCW
silkscreen
arc,15.5917,11.1223,15.0090,10.3271,15.6401,10.4758,CCW
line,15.0090,10.3271,13.7443,10.3271
line,13.7443,10.3271,13.7443,8.7483
line,13.7443,8.7483,15.0517,8.7483
arc,15.0517,8.7483,14.9921,8.4533,15.6400,8.4761,CCW
silkscreen
arc,14.9922,8.4533,15.2293,7.9747,15.6400,8.4763,CCW
silkscreen
arc,15.2293,7.9747,15.3147,7.9943,15.5687,6.6910,CW
silkscreen
arc,15.8661,7.9851,16.6461,7.4672,15.5687,6.6910,CW
silkscreen
arc,16.8086,7.1661,15.9330,5.4141,15.5687,6.6910,CW
line,15.9330,5.4141,15.9330,2.9268
silkscreen
line,13.6933,0.3994,13.4336,0.3994
line,13.4336,0.3994,13.4336,-0.6718
line,13.4336,-0.6718,12.0981,-0.6718
line,12.0981,-0.6718,12.0981,1.6849
line,12.0981,1.6849,11.8983,1.6849
line,11.8983,1.6849,11.8983,-0.6718
line,11.8983,-0.6718,10.9554,-0.6718
line,10.9554,-0.6718,10.9554,0.9709
line,10.9554,0.9709,10.7557,0.9709
line,10.7557,0.9709,10.7557,-0.6718
line,10.7557,-0.6718,9.6701,-0.6718
line,9.6701,-0.6718,9.6701,1.0422
line,9.6701,1.0422,9.5320,1.0422
silkscreen
line,9.4703,0.9596,9.4703,-0.6718
line,9.4703,-0.6718,8.5275,-0.6718
line,8.5275,-0.6718,8.5275,1.0570
silkscreen
line,8.3277,0.8388,8.3277,-0.6717
line,8.3277,-0.6717,7.2063,-0.6718
line,7.2063,-0.6718,7.2063,0.3995
line,7.2063,0.3995,6.2574,0.3995
silkscreen
line,5.0460,0.3995,4.8141,0.3994
line,4.8141,0.3994,4.8141,2.5419
line,4.8141,2.5419,4.6143,2.5419
line,4.6143,2.5419,4.6143,0.3994
line,4.6143,0.3994,4.3998,0.3994
silkscreen
line,3.1884,-0.8787,3.1883,0.3994
line,3.1883,0.3994,2.0259,0.3994
line,2.0259,0.3994,1.5624,0.8630
silkscreen
line,0.9170,1.5084,0.4222,2.0032
line,0.4222,2.0032,0.4222,2.5907
silkscreen
arc,1.1545,4.1206,1.2205,4.4058,0.5722,4.4058,CCW
silkscreen
arc,1.2206,4.4058,1.2140,4.4980,0.5722,4.4057,CCW
silkscreen
line,1.1879,5.9841,1.2062,5.9841
arc,1.2062,5.9841,1.2194,6.0819,0.5722,6.1198,CCW
arc,1.2194,6.0819,1.1545,6.4049,0.5722,6.1197,CCW
silkscreen
line,0.4222,8.0723,0.4222,9.7860
silkscreen
line,-0.1850,10.3972,-0.5777,10.3972
line,-0.5777,10.3972,-0.5777,12.9825
line,-0.5777,12.9825,2.0790,12.9825
line,2.0790,12.9825,2.0791,12.1970
line,2.0791,12.1970,3.6598,12.1970
