assemblygap,0.5
coppergap,0.127
silkscreenlen,0.2
assembly
line,15.4408,12.1250,15.4408,2.6250
line,15.4408,2.6250,5.3408,2.6250
line,5.3408,2.6250,5.3408,12.6250
line,5.3408,12.6250,14.9408,12.6250
line,14.9408,12.6250,15.4408,12.1250
copper
line,14.1908,2.7625,14.5908,2.7625
line,14.5908,2.7625,14.5908,1.0875
line,14.5908,1.0875,14.1908,1.0875
line,14.1908,1.0875,14.1908,2.7625
copper
line,12.5908,2.7625,12.9908,2.7625
line,12.9908,2.7625,12.9908,1.0875
line,12.9908,1.0875,12.5908,1.0875
line,12.5908,1.0875,12.5908,2.7625
copper
line,11.7908,2.7625,12.1908,2.7625
line,12.1908,2.7625,12.1908,1.0875
line,12.1908,1.0875,11.7908,1.0875
line,11.7908,1.0875,11.7908,2.7625
copper
line,10.9908,2.7625,11.3908,2.7625
line,11.3908,2.7625,11.3908,1.0875
line,11.3908,1.0875,10.9908,1.0875
line,10.9908,1.0875,10.9908,2.7625
copper
line,6.9908,2.7625,7.3908,2.7625
line,7.3908,2.7625,7.3908,1.0875
line,7.3908,1.0875,6.9908,1.0875
line,6.9908,1.0875,6.9908,2.7625
copper
line,9.3908,2.7625,9.7908,2.7625
line,9.7908,2.7625,9.7908,1.0875
line,9.7908,1.0875,9.3908,1.0875
line,9.3908,1.0875,9.3908,2.7625
copper
line,5.4783,11.7750,5.4783,11.3750
line,5.4783,11.3750,3.8033,11.3750
line,3.8033,11.3750,3.8033,11.7750
line,3.8033,11.7750,5.4783,11.7750
copper
line,5.4783,10.9750,5.4783,10.5750
line,5.4783,10.5750,3.8033,10.5750
line,3.8033,10.5750,3.8033,10.9750
line,3.8033,10.9750,5.4783,10.9750
copper
line,5.4783,10.1750,5.4783,9.7750
line,5.4783,9.7750,3.8033,9.7750
line,3.8033,9.7750,3.8033,10.1750
line,3.8033,10.1750,5.4783,10.1750
copper
line,5.4783,9.3750,5.4783,8.9750
line,5.4783,8.9750,3.8033,8.9750
line,3.8033,8.9750,3.8033,9.3750
line,3.8033,9.3750,5.4783,9.3750
copper
line,5.4783,8.5750,5.4783,8.1750
line,5.4783,8.1750,3.8033,8.1750
line,3.8033,8.1750,3.8033,8.5750
line,3.8033,8.5750,5.4783,8.5750
copper
line,16.9783,11.7750,16.9783,11.3750
line,16.9783,11.3750,15.3033,11.3750
line,15.3033,11.3750,15.3033,11.7750
line,15.3033,11.7750,16.9783,11.7750
copper
line,16.9783,10.9750,16.9783,10.5750
line,16.9783,10.5750,15.3033,10.5750
line,15.3033,10.5750,15.3033,10.9750
line,15.3033,10.9750,16.9783,10.9750
copper
line,16.9783,10.1750,16.9783,9.7750
line,16.9783,9.7750,15.3033,9.7750
line,15.3033,9.7750,15.3033,10.1750
line,15.3033,10.1750,16.9783,10.1750
copper
line,16.9783,9.3750,16.9783,8.9750
line,16.9783,8.9750,15.3033,8.9750
line,15.3033,8.9750,15.3033,9.3750
line,15.3033,9.3750,16.9783,9.3750
copper
line,5.4783,3.7750,5.4783,3.3750
line,5.4783,3.3750,3.8033,3.3750
line,3.8033,3.3750,3.8033,3.7750
line,3.8033,3.7750,5.4783,3.7750
copper
line,5.4783,6.9750,5.4783,6.5750
line,5.4783,6.5750,3.8033,6.5750
line,3.8033,6.5750,3.8033,6.9750
line,3.8033,6.9750,5.4783,6.9750
copper
line,16.9783,3.7750,16.9783,3.3750
line,16.9783,3.3750,15.3033,3.3750
line,15.3033,3.3750,15.3033,3.7750
line,15.3033,3.7750,16.9783,3.7750
copper
line,16.9783,4.5750,16.9783,4.1750
line,16.9783,4.1750,15.3033,4.1750
line,15.3033,4.1750,15.3033,4.5750
line,15.3033,4.5750,16.9783,4.5750
copper
line,16.9783,5.3750,16.9783,4.9750
line,16.9783,4.9750,15.3033,4.9750
line,15.3033,4.9750,15.3033,5.3750
line,15.3033,5.3750,16.9783,5.3750
copper
line,16.9783,6.1750,16.9783,5.7750
line,16.9783,5.7750,15.3033,5.7750
line,15.3033,5.7750,15.3033,6.1750
line,15.3033,6.1750,16.9783,6.1750
copper
line,5.4783,7.7750,5.4783,7.3750
line,5.4783,7.3750,3.8033,7.3750
line,3.8033,7.3750,3.8033,7.7750
line,3.8033,7.7750,5.4783,7.7750
copper
line,10.1908,2.7625,10.5908,2.7625
line,10.5908,2.7625,10.5908,1.0875
line,10.5908,1.0875,10.1908,1.0875
line,10.1908,1.0875,10.1908,2.7625
copper
line,14.1908,14.1625,14.5908,14.1625
line,14.5908,14.1625,14.5908,12.4875
line,14.5908,12.4875,14.1908,12.4875
line,14.1908,12.4875,14.1908,14.1625
copper
line,13.3908,14.1625,13.7908,14.1625
line,13.7908,14.1625,13.7908,12.4875
line,13.7908,12.4875,13.3908,12.4875
line,13.3908,12.4875,13.3908,14.1625
copper
line,12.5908,14.1625,12.9908,14.1625
line,12.9908,14.1625,12.9908,12.4875
line,12.9908,12.4875,12.5908,12.4875
line,12.5908,12.4875,12.5908,14.1625
copper
line,11.7908,14.1625,12.1908,14.1625
line,12.1908,14.1625,12.1908,12.4875
line,12.1908,12.4875,11.7908,12.4875
line,11.7908,12.4875,11.7908,14.1625
copper
line,6.1908,14.1625,6.5908,14.1625
line,6.5908,14.1625,6.5908,12.4875
line,6.5908,12.4875,6.1908,12.4875
line,6.1908,12.4875,6.1908,14.1625
copper
line,6.9908,14.1625,7.3908,14.1625
line,7.3908,14.1625,7.3908,12.4875
line,7.3908,12.4875,6.9908,12.4875
line,6.9908,12.4875,6.9908,14.1625
copper
line,7.7908,14.1625,8.1908,14.1625
line,8.1908,14.1625,8.1908,12.4875
line,8.1908,12.4875,7.7908,12.4875
line,7.7908,12.4875,7.7908,14.1625
copper
line,8.5908,14.1625,8.9908,14.1625
line,8.9908,14.1625,8.9908,12.4875
line,8.9908,12.4875,8.5908,12.4875
line,8.5908,12.4875,8.5908,14.1625
