assemblygap,0.15
coppergap,0.12
silkscreenlen,0.25
assembly
line,6.0257,3.5261,6.0257,-1.0739
line,6.0257,-1.0739,5.8257,-1.2739
line,5.8257,-1.2739,4.2257,-1.2739
line,4.2257,-1.2739,4.0257,-1.0739
line,4.0257,-1.0739,4.0257,3.5261
line,4.0257,3.5261,4.2257,3.7261
line,4.2257,3.7261,4.6757,3.7261
arc,4.6757,3.7261,5.3757,3.7261,5.0257,3.7261,CCW
line,5.3757,3.7261,5.8257,3.7261
line,5.8257,3.7261,6.0257,3.5261
copper
line,3.3257,3.0761,3.3257,2.7761
arc,3.3257,2.7761,3.4257,2.6761,3.4257,2.7761,CCW
line,3.4257,2.6761,4.2257,2.6761
arc,4.2257,2.6761,4.3257,2.7761,4.2257,2.7761,CCW
line,4.3257,2.7761,4.3257,3.0761
arc,4.3257,3.0761,4.2257,3.1761,4.2257,3.0761,CCW
line,4.2257,3.1761,3.4257,3.1761
arc,3.4257,3.1761,3.3257,3.0761,3.4257,3.0761,CCW
copper
line,3.3257,-0.3239,3.3257,-0.6239
arc,3.3257,-0.6239,3.4257,-0.7239,3.4257,-0.6239,CCW
line,3.4257,-0.7239,4.2257,-0.7239
arc,4.2257,-0.7239,4.3257,-0.6239,4.2257,-0.6239,CCW
line,4.3257,-0.6239,4.3257,-0.3239
arc,4.3257,-0.3239,4.2257,-0.2239,4.2257,-0.3239,CCW
line,4.2257,-0.2239,3.4257,-0.2239
arc,3.4257,-0.2239,3.3257,-0.3239,3.4257,-0.3239,CCW
copper
line,3.3257,1.9461,3.3257,1.6461
arc,3.3257,1.6461,3.4257,1.5461,3.4257,1.6461,CCW
line,3.4257,1.5461,4.2257,1.5461
arc,4.2257,1.5461,4.3257,1.6461,4.2257,1.6461,CCW
line,4.3257,1.6461,4.3257,1.9461
arc,4.3257,1.9461,4.2257,2.0461,4.2257,1.9461,CCW
line,4.2257,2.0461,3.4257,2.0461
arc,3.4257,2.0461,3.3257,1.9461,3.4257,1.9461,CCW
copper
line,3.3257,0.8061,3.3257,0.5061
arc,3.3257,0.5061,3.4257,0.4061,3.4257,0.5061,CCW
line,3.4257,0.4061,4.2257,0.4061
arc,4.2257,0.4061,4.3257,0.5061,4.2257,0.5061,CCW
line,4.3257,0.5061,4.3257,0.8061
arc,4.3257,0.8061,4.2257,0.9061,4.2257,0.8061,CCW
line,4.2257,0.9061,3.4257,0.9061
arc,3.4257,0.9061,3.3257,0.8061,3.4257,0.8061,CCW
copper
line,5.7257,0.8061,5.7257,0.5061
arc,5.7257,0.5061,5.8257,0.4061,5.8257,0.5061,CCW
line,5.8257,0.4061,6.6257,0.4061
arc,6.6257,0.4061,6.7257,0.5061,6.6257,0.5061,CCW
line,6.7257,0.5061,6.7257,0.8061
arc,6.7257,0.8061,6.6257,0.9061,6.6257,0.8061,CCW
line,6.6257,0.9061,5.8257,0.9061
arc,5.8257,0.9061,5.7257,0.8061,5.8257,0.8061,CCW
copper
line,5.7257,-0.3239,5.7257,-0.6239
arc,5.7257,-0.6239,5.8257,-0.7239,5.8257,-0.6239,CCW
line,5.8257,-0.7239,6.6257,-0.7239
arc,6.6257,-0.7239,6.7257,-0.6239,6.6257,-0.6239,CCW
line,6.7257,-0.6239,6.7257,-0.3239
arc,6.7257,-0.3239,6.6257,-0.2239,6.6257,-0.3239,CCW
line,6.6257,-0.2239,5.8257,-0.2239
arc,5.8257,-0.2239,5.7257,-0.3239,5.8257,-0.3239,CCW
copper
line,5.7257,1.9461,5.7257,1.6461
arc,5.7257,1.6461,5.8257,1.5461,5.8257,1.6461,CCW
line,5.8257,1.5461,6.6257,1.5461
arc,6.6257,1.5461,6.7257,1.6461,6.6257,1.6461,CCW
line,6.7257,1.6461,6.7257,1.9461
arc,6.7257,1.9461,6.6257,2.0461,6.6257,1.9461,CCW
line,6.6257,2.0461,5.8257,2.0461
arc,5.8257,2.0461,5.7257,1.9461,5.8257,1.9461,CCW
copper
line,5.7257,3.0761,5.7257,2.7761
arc,5.7257,2.7761,5.8257,2.6761,5.8257,2.7761,CCW
line,5.8257,2.6761,6.6257,2.6761
arc,6.6257,2.6761,6.7257,2.7761,6.6257,2.7761,CCW
line,6.7257,2.7761,6.7257,3.0761
arc,6.7257,3.0761,6.6257,3.1761,6.6257,3.0761,CCW
line,6.6257,3.1761,5.8257,3.1761
arc,5.8257,3.1761,5.7257,3.0761,5.8257,3.0761,CCW
